# This file may be used to create an environment using:
# $ conda create --name <env> --file <this file>
# platform: win-64
asttokens=3.0.0=pyhd8ed1ab_0
backcall=0.2.0=pyh9f0ad1d_0
ca-certificates=2025.7.9=h4c7d964_0
colorama=0.4.6=pyhd8ed1ab_0
comm=0.2.2=pyhd8ed1ab_0
contourpy=1.1.1=pypi_0
cpython=3.8.20=py38hd8ed1ab_2
cycler=0.12.1=pypi_0
debugpy=1.8.5=py38h2698bfa_0
decorator=5.2.1=pypi_0
executing=2.1.0=pyhd8ed1ab_0
fonttools=4.57.0=pypi_0
freetype-py=2.5.1=pypi_0
imageio=2.35.1=pypi_0
importlib-metadata=8.5.0=pyha770c72_0
importlib-resources=6.4.5=pypi_0
ipykernel=6.29.5=pyh4bbf305_0
ipython=8.12.2=pyh08f2357_0
jedi=0.19.1=pyhd8ed1ab_0
jupyter_client=8.6.3=pyhd8ed1ab_0
jupyter_core=5.8.1=pyh5737063_0
kiwisolver=1.4.7=pypi_0
krb5=1.21.3=hdf4eb48_0
libffi=3.4.4=hd77b12b_1
libsodium=1.0.18=h8d14728_1
lxml=6.0.0=pypi_0
matplotlib=3.7.5=pypi_0
matplotlib-inline=0.1.7=pyhd8ed1ab_0
nest-asyncio=1.6.0=pyhd8ed1ab_0
networkx=2.8=pypi_0
numpy=1.24.4=pypi_0
opencv-python=4.12.0.88=pypi_0
openssl=3.5.1=h725018a_0
packaging=25.0=pyh29332c3_1
parso=0.8.4=pyhd8ed1ab_0
pickleshare=0.7.5=py_1003
pillow=10.4.0=pypi_0
pip=24.2=py38haa95532_0
platformdirs=4.3.6=pyhd8ed1ab_0
prompt-toolkit=3.0.48=pyha770c72_0
prompt_toolkit=3.0.48=hd8ed1ab_1
psutil=6.0.0=py38h4cb3324_0
pure_eval=0.2.3=pyhd8ed1ab_0
pycollada=0.6=pypi_0
pyglet=2.1.6=pypi_0
pygments=2.18.0=pyhd8ed1ab_0
pyopengl=3.1.0=pypi_0
pyparsing=3.1.4=pypi_0
pyrender=0.1.45=pypi_0
pyribbit=0.1.46=pypi_0
python=3.8.20=h8205438_0
python-dateutil=2.9.0.post0=pypi_0
python_abi=3.8=2_cp38
pywin32=306=py38hd3f51b4_2
pyzmq=26.2.0=py38h3c56b06_0
scipy=1.10.1=pypi_0
setuptools=75.1.0=py38haa95532_0
six=1.17.0=pypi_0
sqlite=3.45.3=h2bbff1b_0
stack_data=0.6.2=pyhd8ed1ab_0
tornado=6.4.1=py38h4cb3324_0
traitlets=5.14.3=pyhd8ed1ab_0
trimesh=4.2.0=pypi_0
typing_extensions=4.12.2=pyha770c72_0
ucrt=10.0.22621.0=h57928b3_1
urchin=0.0.29=pypi_0
vc=14.42=haa95532_5
vc14_runtime=14.44.35208=h818238b_26
vs2015_runtime=14.44.35208=h38c0c73_26
wcwidth=0.2.13=pyhd8ed1ab_0
wheel=0.44.0=py38haa95532_0
zeromq=4.3.5=he1f189c_4
zipp=3.21.0=pyhd8ed1ab_0
